Distance from Center (cmd=annotatePeaks.pl tss mm10 -size -5000,5000 -hist 10 -norm 1e6 -fragLength 1 -d TagDirectory/8cell)	TagDirectory/8cell Coverage	TagDirectory/8cell + Tags	TagDirectory/8cell - Tags
-5000	0.127200788916683	5.88320184721958e-05	5.65831248797389e-05
-4990	0.126250721570137	6.04194727727537e-05	5.49716182412935e-05
-4980	0.127621704829709	5.93010390609969e-05	5.60659996151629e-05
-4970	0.12988262459111	6.05878391379643e-05	5.76895324225519e-05
-4960	0.12779007119492	5.95054839330384e-05	5.48032518760828e-05
-4950	0.130808639599769	6.1393592457187e-05	5.59216855878397e-05
-4940	0.125541177602463	5.56330575331926e-05	5.7016066961709e-05
-4930	0.128066673080623	5.84712334038874e-05	5.85794689243797e-05
-4920	0.127200788916683	5.96497979603619e-05	5.60419472772757e-05
-4910	0.129100923609775	5.89883586684629e-05	5.83990763902256e-05
-4900	0.133057533192226	5.92890128920536e-05	6.16341158360597e-05
-4890	0.131193477005965	5.77616894362135e-05	6.22113719453534e-05
-4880	0.12290744660381	5.42259957667889e-05	5.87959399653649e-05
-4870	0.128764190879353	5.7906003463537e-05	5.85674427554361e-05
-4860	0.130159226476814	5.67875697517803e-05	6.22715027900716e-05
-4850	0.122799211083317	5.63666538387535e-05	5.44304406388303e-05
-4840	0.126984317875698	6.0323263421205e-05	5.5969790263614e-05
-4830	0.118866653838753	5.40937079084089e-05	5.45867808350976e-05
-4820	0.123484702713104	5.63786800076967e-05	5.49836444102371e-05
-4810	0.12247450452184	5.35164517991154e-05	5.75812969020594e-05
-4800	0.129569944198576	5.92890128920533e-05	5.80382913219166e-05
-4790	0.131758706946315	5.89162016548014e-05	6.1201173754089e-05
-4780	0.122654897055994	5.51159322686168e-05	5.52842986338277e-05
-4770	0.125529151433519	5.42861266115072e-05	6.02992110833173e-05
-4760	0.123773330767751	6.02751587454302e-05	5.32398499134121e-05
-4750	0.12652732345584	5.62704444872045e-05	5.81946315181838e-05
-4740	0.123556859726765	5.36126611506642e-05	5.85433904175491e-05
-4730	0.124146142005003	5.76414277467773e-05	5.38892630363674e-05
-4720	0.122763132576486	5.35405041370025e-05	5.6102078121994e-05
-4710	0.123496728882047	5.59577640946704e-05	5.59938426015013e-05
-4700	0.122835289590148	5.57412930536852e-05	5.55609005195309e-05
-4690	0.124819607465846	5.6667308062344e-05	5.63546276698098e-05
-4680	0.124879738310564	5.84712334038871e-05	5.60659996151631e-05
-4670	0.125240523378872	5.90484895131806e-05	5.48032518760825e-05
-4660	0.126106407542813	5.70401192995964e-05	5.7906003463537e-05
-4650	0.126419087935347	6.01308447181067e-05	5.45988070040411e-05
-4640	0.131566288243217	6.16220896671159e-05	5.70401192995964e-05
-4630	0.129257263806042	5.96257456224747e-05	5.8447181066e-05
-4620	0.126551375793727	5.84952857417744e-05	5.70641716374836e-05
-4610	0.124807581296902	5.61622089667118e-05	5.61261304598809e-05
-4600	0.129377525495478	5.82307100250147e-05	5.93130652299405e-05
-4590	0.133791129497787	6.04314989416973e-05	6.06359438137391e-05
-4580	0.128559746007312	5.76654800846647e-05	5.89041754858574e-05
-4570	0.128451510486819	5.93130652299408e-05	5.76414277467772e-05
-4560	0.127729940350202	5.63786800076972e-05	5.92409082162789e-05
-4550	0.129233211468155	5.95535886088133e-05	5.75572445641721e-05
-4540	0.128030594573793	5.80262651529733e-05	5.89763324995194e-05
-4530	0.126599480469502	5.93611699057152e-05	5.42500481046763e-05
-4520	0.127321050606119	5.65590725418513e-05	5.83750240523382e-05
-4510	0.128319222628439	5.80503174908605e-05	5.76294015778336e-05
-4500	0.126599480469502	5.55849528574178e-05	5.9565614777757e-05
-4490	0.126455166442178	5.64147585145281e-05	5.91687512026173e-05
-4480	0.123304310178949	5.47431210313647e-05	5.58976332499522e-05
-4470	0.129281316143929	5.72084856648069e-05	6.08043101789497e-05
-4460	0.124891764479507	5.39133153742549e-05	5.89763324995189e-05
-4450	0.127284972099288	6.01428708870504e-05	5.5969790263614e-05
-4440	0.124615162593804	5.85313642486053e-05	5.56571098710799e-05
-4430	0.126022224360208	5.71603809890325e-05	5.84471810660002e-05
-4420	0.126274773908024	5.97700596497983e-05	5.57893977294597e-05
-4410	0.126503271117953	5.68236482586109e-05	5.81104483355785e-05
-4400	0.130183278814701	5.79901866461422e-05	5.96858764671928e-05
-4390	0.131554262074274	5.89643063305757e-05	6.04074466038102e-05
-4380	0.12835530113527	5.84712334038869e-05	5.90845680200118e-05
-4370	0.125324706561478	5.80503174908604e-05	5.63786800076973e-05
-4360	0.125841831826053	5.82186838560713e-05	5.61020781219937e-05
-4350	0.126695689821051	5.85554165864925e-05	5.62704444872045e-05
-4340	0.126455166442178	5.67875697517803e-05	5.79781604771989e-05
-4330	0.122546661535501	5.26505676351747e-05	5.88560708100831e-05
-4320	0.122438426015009	5.55368481816436e-05	5.63786800076972e-05
-4310	0.124194246680777	5.46589378487594e-05	5.82307100250148e-05
-4300	0.124098037329228	5.5176063113335e-05	5.88320184721957e-05
-4290	0.118361554743121	5.11352703482781e-05	5.59457379257268e-05
-4280	0.125276601885703	5.8218683856071e-05	5.66793342312877e-05
-4270	0.127621704829709	5.85433904175488e-05	5.64628631903025e-05
-4260	0.123280257841062	5.66432557244568e-05	5.41658649220708e-05
-4250	0.120971233403887	5.53324033096021e-05	5.50918799307296e-05
-4240	0.126599480469502	5.80142389840296e-05	5.68717529343855e-05
-4230	0.131025110640754	5.82427361939583e-05	6.10929382335965e-05
-4220	0.128223013276891	5.68236482586111e-05	6.00466615355014e-05
-4210	0.129461708678084	5.89162016548012e-05	5.84351548970565e-05
-4200	0.128126803925342	5.65229940350205e-05	6.1153069078315e-05
-4190	0.123111891475851	5.92769867231098e-05	5.4574754666154e-05
-4180	0.122498556859727	5.66913604002312e-05	5.50918799307293e-05
-4170	0.127333076775063	5.7208485664807e-05	5.71844333269196e-05
-4160	0.124987973831056	5.87959399653649e-05	5.45988070040411e-05
-4150	0.126310852414855	5.67514912449494e-05	5.86516259380415e-05
-4140	0.121704829709448	5.67995959207239e-05	5.5200115451222e-05
-4130	0.120802867038676	5.54406388300947e-05	5.48273042139697e-05
-4120	0.118926784683471	5.32398499134121e-05	5.51039060996732e-05
-4110	0.121259861458534	5.67394650760057e-05	5.39974985568602e-05
-4100	0.12944968250914	5.8832018472196e-05	5.96137194535312e-05
-4090	0.129521839522802	5.86155474312107e-05	5.90484895131813e-05
-4080	0.129173080623437	6.06960746584571e-05	5.73527996921302e-05
-4070	0.131866942466808	6.05637868000771e-05	5.91567250336734e-05
-4060	0.122318164325572	5.76534539157208e-05	5.40095247258036e-05
-4050	0.128174908601116	6.0611891475852e-05	5.53324033096021e-05
-4040	0.125721570136617	5.70401192995964e-05	5.83148932076201e-05
-4030	0.124591110255917	5.68356744275549e-05	5.52482201269966e-05
-4020	0.127296998268232	5.7400904367905e-05	5.88320184721956e-05
-4010	0.123893592457187	5.59216855878395e-05	5.74129305368484e-05
-4000	0.121307966134308	5.46108331729849e-05	5.4538676159323e-05
-3990	0.128499615162594	6.23677121416204e-05	5.51159322686168e-05
-3980	0.132155570521455	6.16100634981723e-05	5.67875697517802e-05
-3970	0.120478160477198	5.57893977294597e-05	5.3937367712142e-05
-3960	0.120225610929382	5.55488743505871e-05	5.4286126611507e-05
-3950	0.125625360785068	5.71243024822017e-05	5.76294015778337e-05
-3940	0.128728112372523	5.98782951702909e-05	5.73287473542434e-05
-3930	0.124987973831056	5.50197229170677e-05	5.86756782759288e-05
-3920	0.128018568404849	5.59096594188959e-05	6.1080912064653e-05
-3910	0.128595824514143	5.76534539157208e-05	6.06599961516262e-05
-3900	0.125926015008659	5.5933711756783e-05	5.83028670386764e-05
-3890	0.129088897440831	6.05758129690207e-05	5.67875697517802e-05
-3880	0.125384837406196	5.61141042909374e-05	5.84111025591693e-05
-3870	0.126912160862036	5.63546276698099e-05	5.97099288050801e-05
-3860	0.133141716374832	6.1682220511834e-05	5.81826053492402e-05
-3850	0.124410717721763	5.54045603232638e-05	5.67394650760055e-05
-3840	0.128836347893015	6.00947662112763e-05	5.75692707331154e-05
-3830	0.125168366365211	5.70641716374836e-05	5.74249567057921e-05
-3820	0.122137771791418	5.62944968250917e-05	5.53564556474894e-05
-3810	0.125757648643448	6.02030017317684e-05	5.36487396574952e-05
-3800	0.128210987107947	5.62103136424865e-05	6.08403886857806e-05
-3790	0.127934385222244	6.06840484895133e-05	5.62704444872045e-05
-3780	0.128655955358861	6.04555512795847e-05	5.74971137194539e-05
-3770	0.132564460265538	6.00105830286708e-05	6.11891475851457e-05
-3760	0.131963151818357	6.23316336347892e-05	5.72565903405813e-05
-3750	0.12582980565711	5.68116220896673e-05	5.74730613815665e-05
-3740	0.129197132961324	5.57653453915725e-05	6.00947662112759e-05
-3730	0.124086011160285	5.73888781989611e-05	5.60299211083318e-05
-3720	0.130399749855686	6.10809120646533e-05	5.75692707331157e-05
-3710	0.124206272849721	5.60780257841064e-05	5.64388108524153e-05
-3700	0.128788243217241	5.89763324995192e-05	5.77015585914953e-05
-3690	0.125180392534154	5.70882239753707e-05	5.65350202039641e-05
-3680	0.13110929382336	6.15499326534542e-05	5.72686165095251e-05
-3670	0.122426399846065	5.691985761016e-05	5.44665191456613e-05
-3660	0.127188762747739	5.43943621319996e-05	5.96738502982494e-05
-3650	0.132155570521455	5.72325380026941e-05	6.22233981142975e-05
-3640	0.130159226476814	6.14176447950744e-05	5.71603809890326e-05
-3630	0.131578314412161	5.84231287281125e-05	6.20430055801427e-05
-3620	0.127393207619781	5.90965941889554e-05	5.70882239753709e-05
-3610	0.123773330767751	5.38772368674241e-05	5.81104483355785e-05
-3600	0.134873484702713	6.22233981142974e-05	6.05036559553591e-05
-3590	0.132203675197229	6.07441793342315e-05	5.87718876274779e-05
-3580	0.132624591110256	5.95415624398695e-05	5.93972484125459e-05
-3570	0.128006542235905	5.85313642486054e-05	5.65229940350205e-05
-3560	0.126575428131614	5.80623436598041e-05	5.7208485664807e-05
-3550	0.130339619010968	6.36545122185879e-05	5.54045603232638e-05
-3540	0.130183278814701	6.0455551279585e-05	5.65229940350206e-05
-3530	0.13559505483933	6.26082355204929e-05	5.99263998460654e-05
-3520	0.136064075428132	6.34139888397156e-05	5.97700596497982e-05
-3510	0.129161054454493	5.69318837791035e-05	6.04194727727538e-05
-3500	0.134548778141235	6.16341158360595e-05	6.19347700596501e-05
-3490	0.133274004233211	6.1141042909371e-05	6.00827400423326e-05
-3480	0.129738310563787	5.7930055801424e-05	6.0251106407543e-05
-3470	0.134584856648066	6.19227438907067e-05	6.12733307677509e-05
-3460	0.122258033480854	5.45627284972103e-05	5.70761978064272e-05
-3450	0.129365499326535	5.92288820473354e-05	5.81585530113531e-05
-3440	0.128391379642101	5.69920146238219e-05	6.04796036174719e-05
-3430	0.133394265922648	6.276457571676e-05	5.81826053492403e-05
-3420	0.128475562824707	5.79420819703677e-05	5.90605156821246e-05
-3410	0.131734654608428	5.83148932076203e-05	6.27284972099289e-05
-3400	0.133454396767366	5.92890128920535e-05	6.13454877814126e-05
-3390	0.133791129497787	6.44963440446414e-05	5.77616894362134e-05
-3380	0.134657013661728	5.65109678660769e-05	6.14898018087361e-05
-3370	0.135667211852992	6.0948624206273e-05	6.3654512218588e-05
-3360	0.125733596305561	5.61501827977684e-05	5.69318837791035e-05
-3350	0.126996344044641	5.70401192995964e-05	5.77857417741009e-05
-3340	0.130604194727728	6.03112372522613e-05	5.84952857417745e-05
-3330	0.1308447181066	5.56090051953054e-05	6.24278429863385e-05
-3320	0.138481335385799	6.1838560708101e-05	6.47609197614011e-05
-3310	0.128776217048297	5.95776409467004e-05	5.86877044448724e-05
-3300	0.128307196459496	5.9649797960362e-05	5.67394650760058e-05
-3290	0.127176736578795	5.93972484125462e-05	5.74249567057921e-05
-3280	0.12486771214162	5.55969790263616e-05	5.58976332499522e-05
-3270	0.130471906869348	5.85193380796619e-05	5.89522801616321e-05
-3260	0.134356359438137	6.0058687704445e-05	6.16341158360598e-05
-3250	0.133562632287858	5.97941119876856e-05	6.18385607081011e-05
-3240	0.12918510679238	6.35703290359825e-05	5.5777371560516e-05
-3230	0.12944968250914	5.56450837021363e-05	6.22113719453536e-05
-3220	0.132047335000962	6.10448335578222e-05	5.9998556859727e-05
-3210	0.128667981527805	5.86756782759286e-05	5.80503174908601e-05
-3200	0.129954781604772	6.00346353665581e-05	5.80262651529732e-05
-3190	0.13389936501828	5.81104483355783e-05	6.50856263228787e-05
-3180	0.127585626322879	6.00947662112762e-05	5.65590725418513e-05
-3170	0.132973350009621	6.14416971329615e-05	5.90484895131808e-05
-3160	0.125721570136617	5.8350971714451e-05	5.58495285741777e-05
-3150	0.127874254377526	5.8892149316914e-05	5.71724071579762e-05
-3140	0.134103809890321	6.15619588223979e-05	6.05277082932466e-05
-3130	0.130760534923995	5.91928035405043e-05	5.9337117567828e-05
-3120	0.131229555512796	5.99985568597273e-05	5.91326726957864e-05
-3110	0.130532037714066	5.81345006734658e-05	6.04675774485281e-05
-3100	0.129365499326535	5.85193380796615e-05	5.89522801616319e-05
-3090	0.129942755435828	5.74850875505102e-05	6.10809120646528e-05
-3080	0.125733596305561	5.71603809890325e-05	5.5019722917068e-05
-3070	0.128511641331537	5.70641716374837e-05	6.08524148547243e-05
-3060	0.13014720030787	6.05517606311338e-05	5.7016066961709e-05
-3050	0.131842890128921	6.053973446219e-05	5.83148932076202e-05
-3040	0.131025110640754	6.03112372522613e-05	5.78819511256502e-05
-3030	0.125168366365211	5.61141042909375e-05	5.79541081393114e-05
-3020	0.127946411391187	5.74850875505103e-05	5.91446988647302e-05
-3010	0.124963921493169	5.58495285741779e-05	5.81946315181841e-05
-3000	0.128920531075621	6.04074466038102e-05	5.80503174908605e-05
-2990	0.126154512218588	5.76654800846646e-05	5.7533192226285e-05
-2980	0.124987973831056	5.67635174138931e-05	5.64267846834718e-05
-2970	0.130471906869348	5.92769867231098e-05	6.08283625168368e-05
-2960	0.132360015393496	6.19467962285937e-05	5.9517510101982e-05
-2950	0.134608908985953	6.1970848566481e-05	6.15379064845107e-05
-2940	0.125108235520493	5.74249567057921e-05	5.6041947277276e-05
-2930	0.130363671348855	5.93972484125465e-05	6.07321531652879e-05
-2920	0.123917644795074	5.96016932845877e-05	5.34563209543974e-05
-2910	0.129834519915336	5.77015585914955e-05	5.87839137964215e-05
-2900	0.128162882432172	5.63426015008663e-05	5.93250913988843e-05
-2890	0.126010198191264	5.75692707331156e-05	5.66793342312875e-05
-2880	0.130195304983644	6.10448335578225e-05	5.80984221666348e-05
-2870	0.126383009428516	5.59697902636139e-05	5.89162016548012e-05
-2860	0.123917644795074	5.78699249567059e-05	5.45507023282666e-05
-2850	0.12931739465076	6.08644410236676e-05	5.69318837791037e-05
-2840	0.129593996536463	6.01067923802199e-05	5.78578987877624e-05
-2830	0.129028766596113	5.83389455455076e-05	5.97820858187421e-05
-2820	0.133394265922648	6.2608235520493e-05	5.99263998460655e-05
-2810	0.133057533192226	6.18866653838754e-05	5.78819511256498e-05
-2800	0.132817009813354	6.04796036174719e-05	6.0455551279585e-05
-2790	0.126743794496825	5.5717240715798e-05	5.89883586684631e-05
-2780	0.128559746007312	5.96618241293057e-05	5.71363286511453e-05
-2770	0.13433230710025	6.05036559553591e-05	6.28487588993654e-05
-2760	0.130748508755051	6.02030017317687e-05	5.73527996921303e-05
-2750	0.133718972484125	6.0443525110641e-05	6.13935924571871e-05
-2740	0.133261978064268	5.99023475081782e-05	6.16341158360596e-05
-2730	0.135246295939965	6.61559553588612e-05	5.71002501443144e-05
-2720	0.134933615547431	6.32335963055612e-05	5.857946892438e-05
-2710	0.129858572253223	5.84111025591692e-05	5.89162016548011e-05
-2700	0.129690205888012	5.97700596497982e-05	5.82667885318457e-05
-2690	0.131987204156244	6.02270540696559e-05	5.99143736771218e-05
-2680	0.133177794881663	5.91687512026172e-05	6.10087550509915e-05
-2670	0.133622763132576	5.92409082162789e-05	6.22474504521842e-05
-2660	0.128283144121609	5.95415624398695e-05	5.70401192995964e-05
-2650	0.130423802193573	6.05637868000774e-05	5.86877044448725e-05
-2640	0.13446459495863	6.40393496247839e-05	5.91326726957865e-05
-2630	0.132973350009621	5.98662690013474e-05	6.03473157590923e-05
-2620	0.133646815470464	6.32456224745048e-05	5.84231287281128e-05
-2610	0.130916875120262	6.12252260919763e-05	5.96016932845876e-05
-2600	0.134560804310179	6.27164710409854e-05	5.86756782759288e-05
-2590	0.1348975370406	6.41716374831637e-05	5.86516259380416e-05
-2580	0.13572734269771	6.35823552049265e-05	5.9313065229941e-05
-2570	0.132744852799692	5.83990763902257e-05	6.19227438907065e-05
-2560	0.128367327304214	5.90484895131811e-05	5.70641716374836e-05
-2550	0.13655714835482	6.00466615355014e-05	6.42197421589381e-05
-2540	0.132961323840677	5.79541081393115e-05	6.28728112372526e-05
-2530	0.136629305368482	5.98903213392343e-05	6.47128150856265e-05
-2520	0.132227727535116	6.12973831056381e-05	5.96137194535314e-05
-2510	0.133646815470464	6.18385607081012e-05	6.01188185491633e-05
-2500	0.133562632287858	5.73167211852996e-05	6.37868000769679e-05
-2490	0.135571002501443	6.05517606311337e-05	6.17904560323263e-05
-2480	0.137928131614393	6.31494131229558e-05	6.17423513565521e-05
-2470	0.133839234173562	6.12733307677509e-05	6.06239176447954e-05
-2460	0.13559505483933	6.09606503752168e-05	6.26202616894364e-05
-2450	0.135077929574755	5.83629978833946e-05	6.56027515874548e-05
-2440	0.12944968250914	6.00105830286704e-05	5.8002212815086e-05
-2430	0.131963151818357	5.88440446411393e-05	6.07201269963444e-05
-2420	0.131193477005965	5.94814315951514e-05	6.07562055031753e-05
-2410	0.134548778141235	6.10328073888787e-05	5.95415624398695e-05
-2400	0.131157398499134	5.99745045218399e-05	6.01308447181067e-05
-2390	0.131602366750048	5.84471810659999e-05	6.01909755628252e-05
-2380	0.131698576101597	5.82908408697327e-05	6.15739849913415e-05
-2370	0.132203675197229	6.07562055031751e-05	5.90364633442373e-05
-2360	0.131061189147585	6.04796036174717e-05	6.00586877044452e-05
-2350	0.131085241485472	5.93731960746588e-05	5.91928035405044e-05
-2340	0.132612564941312	6.06720223205698e-05	5.94333269193768e-05
-2330	0.132540407927651	6.16100634981721e-05	5.94333269193768e-05
-2320	0.127898306715413	6.00827400423323e-05	5.55127958437563e-05
-2310	0.129702232056956	5.86395997690978e-05	5.89763324995191e-05
-2300	0.141608139311141	6.27766018857035e-05	6.54343852222439e-05
-2290	0.137735712911295	6.01067923802197e-05	6.59154319799888e-05
-2280	0.135799499711372	6.17062728497214e-05	6.16701943428905e-05
-2270	0.13642486049644	6.27525495478163e-05	5.91567250336735e-05
-2260	0.133718972484125	5.90003848374064e-05	6.15379064845108e-05
-2250	0.132817009813354	6.41355589763328e-05	5.79781604771986e-05
-2240	0.136460939003271	6.36184337117569e-05	5.99504521839524e-05
-2230	0.136761593226862	6.37747739080241e-05	6.12613045988074e-05
-2220	0.141247354242832	6.51698095054843e-05	6.27766018857038e-05
-2210	0.133057533192226	6.0443525110641e-05	6.02511064075431e-05
-2200	0.135498845487781	6.31494131229558e-05	5.97219549740238e-05
-2190	0.125180392534154	5.7653453915721e-05	5.61141042909375e-05
-2180	0.134849432364826	6.37627477390806e-05	5.87117567827593e-05
-2170	0.133670867808351	6.32937271502794e-05	5.92529343852228e-05
-2160	0.132696748123918	6.01428708870505e-05	5.84351548970563e-05
-2150	0.133851260342505	5.97339811429675e-05	6.35703290359827e-05
-2140	0.129377525495478	5.71002501443144e-05	6.0070713873389e-05
-2130	0.130219357321532	6.15018279776796e-05	5.75211660573411e-05
-2120	0.131890994804695	6.13094092745819e-05	5.77256109293827e-05
-2110	0.137699634404464	6.62762170482974e-05	5.94934577640949e-05
-2100	0.140405522416779	6.6011641331538e-05	6.14537233019052e-05
-2090	0.141475851452761	6.45444487204158e-05	6.40152972868965e-05
-2080	0.133815181835674	6.36665383875316e-05	5.97339811429674e-05
-2070	0.140465653261497	6.69496825091404e-05	6.12372522609203e-05
-2060	0.140970752357129	6.53261497017514e-05	6.34861458533772e-05
-2050	0.132744852799692	6.03593419280357e-05	5.81104483355786e-05
-2040	0.139094670001924	6.38228785837985e-05	6.28126803925344e-05
-2030	0.130351645179911	5.92409082162789e-05	6.03954204348665e-05
-2020	0.130387723686742	5.74490090436793e-05	5.9108620357899e-05
-2010	0.130904848951318	5.95415624398695e-05	6.08524148547243e-05
-2000	0.134404464113912	6.03593419280357e-05	6.22233981142968e-05
-1990	0.138938329805657	6.193477005965e-05	6.28247065614784e-05
-1980	0.144879257263806	6.67572638060423e-05	6.46887627477394e-05
-1970	0.14279873003656	6.53502020396385e-05	6.34380411776026e-05
-1960	0.135089955743698	6.28006542235907e-05	6.08403886857806e-05
-1950	0.134416490282855	5.95415624398698e-05	6.0996728882048e-05
-1940	0.139323167211853	6.32335963055613e-05	6.45805272272468e-05
-1930	0.130327592842024	6.14898018087363e-05	5.68477005964984e-05
-1920	0.132901192995959	6.20790840869735e-05	5.9938426015009e-05
-1910	0.136088127766019	6.31133346161249e-05	6.15619588223978e-05
-1900	0.139768135462767	6.34380411776028e-05	6.42918991726e-05
-1890	0.133827208004618	6.33177794881664e-05	5.84111025591692e-05
-1880	0.137038195112565	6.067202232057e-05	6.30652299403505e-05
-1870	0.132973350009621	5.88079661343085e-05	6.25841831826058e-05
-1860	0.140417548585723	6.14176447950745e-05	6.63964787377337e-05
-1850	0.140345391572061	6.32456224745047e-05	6.44362131999233e-05
-1840	0.135739368866654	6.41716374831639e-05	5.9120646526843e-05
-1830	0.13529440061574	6.41475851452764e-05	6.01067923802196e-05
-1820	0.135823552049259	6.39912449490095e-05	5.90244371752936e-05
-1810	0.136003944583413	6.29569944198579e-05	5.98061381566289e-05
-1800	0.139407350394458	6.51938618433712e-05	6.06720223205702e-05
-1790	0.13921493169136	6.46647104098521e-05	6.11771214162019e-05
-1780	0.140862516836637	6.40032711179529e-05	6.28487588993655e-05
-1770	0.137086299788339	6.46166057340778e-05	6.03112372522612e-05
-1760	0.136737540888974	6.10929382335967e-05	6.29810467577451e-05
-1750	0.141042909370791	6.32817009813357e-05	6.54704637290748e-05
-1740	0.143676640369444	6.60837983451995e-05	6.51337309986534e-05
-1730	0.142341735616702	6.85251106407543e-05	6.24879738310567e-05
-1720	0.143772849720993	6.62521647104103e-05	6.35703290359824e-05
-1710	0.144470367519723	6.85491629786418e-05	6.50014431402733e-05
-1700	0.14113911872234	6.76832788147009e-05	5.99504521839527e-05
-1690	0.147104098518376	6.7298441408505e-05	6.70338656917458e-05
-1680	0.136593226861651	6.19708485664809e-05	6.2343659803733e-05
-1670	0.144542524533385	6.71902058880126e-05	6.31373869540122e-05
-1660	0.145841350779296	6.87175293438523e-05	6.56027515874546e-05
-1650	0.149701751010198	7.23133538579951e-05	6.39792187800659e-05
-1640	0.144987492784299	6.74547816047721e-05	6.25120261689439e-05
-1630	0.146887627477391	6.71661535501253e-05	6.54704637290747e-05
-1620	0.14867952664999	6.88979218780068e-05	6.73946507600541e-05
-1610	0.140970752357129	6.32456224745048e-05	6.33779103328846e-05
-1600	0.144518472195497	6.66610544544933e-05	6.53622282085821e-05
-1590	0.143207619780643	6.65648451029441e-05	6.39190879353478e-05
-1580	0.143472195497402	6.57109871079475e-05	6.55065422359056e-05
-1570	0.146767365787955	6.87536078506833e-05	6.3618433711757e-05
-1560	0.152515874543006	7.11107369636332e-05	6.61078506830866e-05
-1550	0.143989320761978	6.49533384644989e-05	6.42437944968254e-05
-1540	0.143135462766981	6.4099480469502e-05	6.5169809505484e-05
-1530	0.148006061189148	6.74547816047722e-05	6.81883779103331e-05
-1520	0.147344621897248	6.33658841639411e-05	6.88257648643448e-05
-1510	0.150218876274774	6.76351741389265e-05	6.9114392918992e-05
-1500	0.149797960361747	6.77674619973065e-05	6.88979218780069e-05
-1490	0.14711612468732	6.89460265537814e-05	6.55065422359054e-05
-1480	0.145853376948239	6.77313834904753e-05	6.46887627477393e-05
-1470	0.145468539542043	6.69015778333654e-05	6.47729459303446e-05
-1460	0.145203963825284	6.87175293438522e-05	6.38830094285166e-05
-1450	0.147308543390418	6.89099480469505e-05	6.52900711949203e-05
-1440	0.149413122955551	7.03891668270153e-05	6.55907254185113e-05
-1430	0.151517702520685	7.32513950355978e-05	6.50014431402737e-05
-1420	0.149701751010198	7.06296902058885e-05	6.66009236097751e-05
-1410	0.144253896478738	6.92346546084278e-05	6.08283625168368e-05
-1400	0.148535212622667	7.16038098903215e-05	6.47849720992881e-05
-1390	0.149040311718299	6.75750432942086e-05	6.83567442755439e-05
-1380	0.146081874158168	6.85972676544161e-05	6.32215701366174e-05
-1370	0.159406869347701	7.11828939772948e-05	7.66066961708683e-05
-1360	0.150279007119492	7.25177987300368e-05	6.44241870309797e-05
-1350	0.150158745430056	6.84409274581494e-05	6.80079853761785e-05
-1340	0.149413122955551	6.96435443525112e-05	6.6071772176256e-05
-1330	0.162281123725226	7.86270925533964e-05	6.98720415624401e-05
-1320	0.149665672503367	6.61800076967483e-05	6.96796228593426e-05
-1310	0.152900711949201	7.17962285934194e-05	6.8224456417164e-05
-1300	0.145540696555705	6.78396190109678e-05	6.50134693092168e-05
-1290	0.147332595728305	6.88017125264574e-05	6.62281123725231e-05
-1280	0.140994804695016	6.50976524918222e-05	6.34500673465466e-05
-1270	0.147573119107177	6.74547816047722e-05	6.75990956320957e-05
-1260	0.157795362709255	7.36723109486244e-05	7.10145276120835e-05
-1250	0.148439003271118	6.86694246680778e-05	6.56027515874544e-05
-1240	0.15173417356167	6.80560900519532e-05	6.87896863575138e-05
-1230	0.15980373292284	7.11347893015203e-05	7.58971522031943e-05
-1220	0.152936790456032	7.28785837983452e-05	6.52900711949202e-05
-1210	0.149461227631326	6.91023667500482e-05	6.72383105637869e-05
-1200	0.157891572060804	7.51996344044642e-05	6.72864152395617e-05
-1190	0.147260438714643	6.71661535501253e-05	6.6673080623437e-05
-1180	0.149425149124495	7.03410621512412e-05	6.54704637290748e-05
-1170	0.15452424475659	7.16759669039835e-05	6.82845872618821e-05
-1160	0.154307773715605	7.41293053684817e-05	6.7815566673081e-05
-1150	0.158083990763902	7.58610736963633e-05	6.83567442755436e-05
-1140	0.156207908408697	7.28906099672888e-05	6.80921685587842e-05
-1130	0.157085818741582	7.35279969213008e-05	6.78997498556859e-05
-1120	0.158156147777564	7.20006734654607e-05	7.19164902828558e-05
-1110	0.158324514142775	7.28665576294017e-05	7.11107369636331e-05
-1100	0.153802674619973	7.27222436020781e-05	6.74668077737157e-05
-1090	0.155762940157783	7.35640754281319e-05	6.80320377140661e-05
-1080	0.156604771983837	7.62579372715029e-05	6.56628824321725e-05
-1070	0.164698383682894	7.7556763517414e-05	7.20367519722919e-05
-1060	0.165816817394651	7.79656532614972e-05	7.40932268616512e-05
-1050	0.165335770636906	7.91321916490283e-05	7.07018472195501e-05
-1040	0.162822301327689	7.64744083124877e-05	7.13512603425054e-05
-1030	0.164734462189725	8.0046180488744e-05	6.96435443525111e-05
-1020	0.163255243409659	7.71719261112182e-05	7.07619780642685e-05
-1010	0.166802963248028	7.97335000962099e-05	7.19285164517995e-05
-1000	0.161812103136425	7.61978064267846e-05	7.12670771599001e-05
-990	0.166418125841832	8.01784683471237e-05	7.07980565710991e-05
-980	0.163868578025784	7.7171926111218e-05	7.16038098903214e-05
-970	0.171697614008082	8.43034442947865e-05	7.03891668270158e-05
-960	0.172467288820473	8.33172984414098e-05	7.33716567250341e-05
-950	0.167247931498942	7.8759380411776e-05	7.40090436790456e-05
-940	0.164097075235713	7.96252645757175e-05	7.15797575524341e-05
-930	0.175966903983067	8.64922070425257e-05	7.25899557436984e-05
-920	0.169773426977102	7.93005580142391e-05	7.50913988839716e-05
-910	0.176953049836444	8.29805657109881e-05	7.72200307869926e-05
-900	0.176965076005388	8.07677506253612e-05	7.95771598999428e-05
-890	0.166333942659226	7.71478737733307e-05	7.54281316143928e-05
-880	0.166863094092746	8.23431787569761e-05	7.02689051375796e-05
-870	0.170434866269001	8.05873580912071e-05	7.45141427746776e-05
-860	0.168594862420627	8.13209543967678e-05	7.21570136617279e-05
-850	0.1746801039061	8.57345583990776e-05	7.21329613238409e-05
-840	0.171781797190687	8.72979603617483e-05	6.95713873388496e-05
-830	0.174571868385607	8.93424090821642e-05	6.96435443525115e-05
-820	0.185936598037329	9.17957475466637e-05	7.63421204541084e-05
-810	0.178877236867424	9.0749470848568e-05	7.2541851067924e-05
-800	0.179514623821435	9.0677313834906e-05	7.22772753511638e-05
-790	0.18444535308832	9.09659418895541e-05	7.66307485087552e-05
-780	0.184216855878391	9.15672503367346e-05	7.41894362132001e-05
-770	0.18567202232057	9.49826823167241e-05	7.47306138156632e-05
-760	0.186201173754089	9.56802001154533e-05	7.48147969982684e-05
-750	0.188161439291899	9.52592842024273e-05	7.4778718491438e-05
-740	0.198888781989609	0.000101320473350013	7.99018664614205e-05
-730	0.192695304983644	9.43934000384856e-05	8.03708870502214e-05
-720	0.189400134693092	9.79892245526294e-05	7.51996344044641e-05
-710	0.195076486434481	9.90836059264989e-05	7.86511448912837e-05
-700	0.20656147777564	0.000103473157590921	8.43034442947865e-05
-690	0.20825716759669	0.000107886761593231	8.15494516066968e-05
-680	0.202977679430441	0.000103918125841835	8.19823936886671e-05
-670	0.205491148739657	0.00010592649605542	8.09962478352899e-05
-660	0.208593900327112	0.000106479699826827	8.3966711564365e-05
-650	0.211612468731961	0.000109534346738507	8.35097171445075e-05
-640	0.214414566095825	0.000108788724264003	8.53978256686563e-05
-630	0.212742928612661	0.000110400230902448	8.40629209159135e-05
-620	0.218286992495671	0.000112444679622863	8.47604387146441e-05
-610	0.224997594766211	0.000118012795843761	8.55902443717539e-05
-600	0.227426880892823	0.000115403117182994	8.91499903790661e-05
-590	0.23010871656725	0.000125108235520498	8.64320761978074e-05
-580	0.234726765441601	0.000119347700596503	9.16394073503964e-05
-570	0.233908985953435	0.000125288628054652	8.65403117182996e-05
-560	0.234738791610545	0.000125841831826059	8.89936501827992e-05
-550	0.238094092745815	0.000128740138541471	9.0148162401387e-05
-540	0.242603906099673	0.000130760534924	9.11583605926514e-05
-530	0.240318934000385	0.000125877910332891	9.36958822397557e-05
-520	0.249422743890706	0.000132841062151247	9.21445064460284e-05
-510	0.252741966519146	0.000135162112757367	9.43573215316546e-05
-500	0.25165961131422	0.000134284202424482	9.43934000384857e-05
-490	0.260414662305176	0.000137062247450459	9.71473927265748e-05
-480	0.266319511256494	0.000145228016163178	9.67745814893229e-05
-470	0.267630363671349	0.000143496247835296	9.82297479315011e-05
-460	0.271466711564364	0.000147236386376763	9.9276024629597e-05
-450	0.282001635558976	0.00016034491052531	9.64378487589014e-05
-440	0.280257841062151	0.000150435347315767	0.000104603617471621
-430	0.283949874927843	0.000157867519722925	9.95285741774128e-05
-420	0.296962189724841	0.000169256301712534	0.000102547142582262
-410	0.293029632480277	0.000159358764671934	0.000106395516644221
-400	0.302794881662498	0.000169063883009435	0.000103845968828173
-390	0.316276217048297	0.000179262074273626	0.000108788724264002
-380	0.318994131229555	0.000177169520877434	0.000111314219742163
-370	0.338007504329421	0.000190783144121612	0.000118866653838757
-360	0.339594958629979	0.000189796998268236	0.000118060900519535
-350	0.358656436405619	0.00020366317106023	0.000123184048489518
-340	0.374230325187608	0.000214342409082164	0.000129593996536469
-330	0.370345872618819	0.000206308928227827	0.00012919713296133
-320	0.385799499711372	0.00022179863382721	0.000128631903020979
-310	0.393616509524726	0.00022249615162594	0.000134284202424482
-300	0.416454204348663	0.000235183759861457	0.000142221473927273
-290	0.412846353665576	0.000230986626900136	0.000145636905907261
-280	0.417512507215701	0.000236121801039064	0.00014337598614586
-270	0.421793823359631	0.000237637098325957	0.000145107754473742
-260	0.437006927073312	0.000243253319222629	0.000151998749278438
-250	0.454974023475082	0.000254016740427168	0.000158601116028486
-240	0.471678372137772	0.000265309313065228	0.000164674331345014
-230	0.463717048297094	0.000261352703482776	0.000160332884356368
-220	0.473710794689244	0.000264888397152204	0.0001664902828555
-210	0.493121031364249	0.000277696267077158	0.00017137290744661
-200	0.520672984414085	0.000294568982105055	0.000179009524725809
-190	0.556631229555513	0.000312018953242248	0.000194210602270544
-180	0.580274677698672	0.000325416105445437	0.000202893496247838
-170	0.595788435635944	0.000339631037136794	0.000202232056955939
-160	0.631494131229556	0.000357682316721158	0.000219850394458342
-150	0.68763228785838	0.000381458052722689	0.0002436862613046
-140	0.721534058110448	0.00040006253607846	0.000253307196459493
-130	0.768424090821628	0.00041990571483543	0.000275663844525685
-120	0.81306522994035	0.00043760823552043	0.000301616317106019
-110	0.836852992110833	0.000445641716374767	0.000312860785068301
-100	0.883803155666731	0.000457679911487325	0.000343082547623604
-90	0.894446315181836	0.000459411679815208	0.000352715508947446
-80	0.916406099672888	0.000463741100634907	0.00036991293053681
-70	0.91342360977487	0.000442502886280477	0.000382829035982255
-60	0.938281700981335	0.000445124591110187	0.000406424379449633
-50	0.969718106599961	0.000453230228978184	0.000426580238599132
-40	0.943320665768713	0.000418570810082684	0.000430957764094607
-30	0.938498172022321	0.000414987011737485	0.000434866269001283
-20	0.91023667500481	0.000378403405811003	0.000449237540888904
-10	0.881638445256879	0.0003568404848951	0.000444679622859275
0	0.90282855493554	0.000371380123147934	0.000453711275735929
10	0.837586588416394	0.000327520685010566	0.000440097652491757
20	0.827304213969598	0.000312872811237243	0.00043717529343846
30	0.784839811429671	0.000282542813161434	0.000432028093130592
40	0.776409467000192	0.00027363142197421	0.000434216855878326
50	0.703542909370791	0.000237973831056377	0.000398847893015155
60	0.673609774870117	0.000224336155474313	0.000388709832595685
70	0.593082547623629	0.000198997017510105	0.00034355156821241
80	0.529692611121801	0.000174884548778148	0.000307220511833745
90	0.487011737540889	0.000167416297864159	0.000277106984798922
100	0.448984991341158	0.000154007119492023	0.00025312680392534
110	0.418065710987108	0.000139924475659041	0.000239332788147006
120	0.393267750625361	0.00013822878583799	0.000218768039253417
130	0.362168077737156	0.000124290456032332	0.000205406965557056
140	0.351873677121416	0.00012295555127959	0.000197770348277856
150	0.34311862613046	0.00011897488935925	0.0001919376563402
160	0.337249855685973	0.00012073071002502	0.000186513854146627
170	0.333052722724649	0.000119624302482206	0.000183868096979032
180	0.340400711949201	0.000119756590340586	0.00018960457956514
190	0.35650375216471	0.00013242014623822	0.000193573215316533
200	0.364465076005388	0.000128030594573798	0.000202159899942278
210	0.378607850683086	0.000132877140658078	0.000210999134115839
220	0.391211275736002	0.000140393496247843	0.000216531171829903
230	0.407326342120454	0.000144037425437759	0.000225863478930152
240	0.39698383682894	0.000136617279199545	0.000223819030209737
250	0.393724745045218	0.000137567346546091	0.000222051183375027
260	0.379161054454493	0.000131325764864351	0.000216555224167791
270	0.358307677506254	0.000120273715605162	0.000205875986145855
280	0.350286222820858	0.000120321820280936	0.000197577929574757
290	0.335253511641332	0.00011605253030595	0.00018980902443718
300	0.318861843371176	0.000110267943044068	0.000179574754666159
310	0.306426784683471	0.000110436309409278	0.000168967673657886
320	0.292644795074081	0.000103930152010779	0.000163351452761216
330	0.293823359630556	0.000106780354050417	0.000162136809697911
340	0.289626226669232	0.000105685972676547	0.000157735231864546
350	0.281304117760246	0.000103557340773527	0.000150531556667317
360	0.280041370021166	0.000103280738887823	0.000147945930344437
370	0.283059938426015	0.000105373292284013	0.000153369732538011
380	0.29719068693477	0.000112540888974412	0.000156809216855888
390	0.285032230132769	0.000108512122378299	0.0001509404464114
400	0.283168173946508	0.000106455647488939	0.000151192995959216
410	0.281640850490668	0.000102330671541277	0.000150495478160487
420	0.284635366557629	0.000107501924187035	0.000154223590533009
430	0.278345680200115	0.000101007792957478	0.000150988551087174
440	0.272236386376756	0.000100779295747549	0.00014639455455071
450	0.26517702520685	9.7508177794884e-05	0.000141463825283826
460	0.260823552049259	9.3395228016165e-05	0.000145360304021559
470	0.252838175870695	9.01722147392743e-05	0.000140044737348478
480	0.247955551279584	8.79954781604783e-05	0.000139106696170876
490	0.238563113334616	8.56624013854155e-05	0.000132372041562447
500	0.231696170867808	8.63358668462588e-05	0.000125084183182611
510	0.222520203963825	8.52775639792198e-05	0.000118181162208972
520	0.225671060227054	8.55180873580924e-05	0.000122149797960367
530	0.227066095824514	8.51693284587271e-05	0.000121813065229945
540	0.217373003655955	8.7911294977873e-05	0.00010994323648259
550	0.21811862613046	8.78872426399858e-05	0.000109762843948436
560	0.22047575524341	8.72859341928049e-05	0.000112240234750822
570	0.220992880507985	8.34255339619016e-05	0.000117603906099678
580	0.217878102751587	8.77669809505496e-05	0.000109810948624211
590	0.224769097556282	8.83562632287877e-05	0.000110328073888786
600	0.219309216855878	8.74903790648465e-05	0.000113575139503564
610	0.218659803732923	9.0460842793921e-05	0.000109474215893789
620	0.215136136232442	8.10082740042334e-05	0.000111097748701179
630	0.208028670386762	8.23071002501448e-05	0.000106708197036755
640	0.208209062920916	8.44357321531664e-05	0.000106106888589575
650	0.199682509139888	7.89517991148741e-05	0.000102607273426981
660	0.2003198960939	8.2631806811623e-05	9.89392918991752e-05
670	0.201101597075236	8.11285356936703e-05	0.000100743217240719
680	0.198203290359823	8.12608235520498e-05	9.77487011737569e-05
690	0.193549162978642	8.08038291321926e-05	9.58124879738331e-05
700	0.197084856648066	7.97094477583224e-05	0.000100671060227057
710	0.199850875505099	8.15735039445839e-05	0.000100610929382339
720	0.195858187415817	8.11044833557826e-05	9.8951318068119e-05
730	0.191865499326535	7.93005580142393e-05	9.46579757552456e-05
740	0.188209543967674	7.90239561285359e-05	9.26375793727175e-05
750	0.196086684625746	8.30767750625368e-05	9.43452953627116e-05
760	0.188618433711757	7.52597652491822e-05	9.57523571291151e-05
770	0.188931114104291	7.87473542428327e-05	9.29622859341947e-05
780	0.187620261689436	7.98417356167025e-05	9.14229363094109e-05
790	0.182497113719454	7.68351933807968e-05	8.92341735616718e-05
800	0.189087454300558	8.11525880315571e-05	9.15071194920166e-05
810	0.183976332499519	7.82783336540314e-05	8.88132576486447e-05
820	0.181402732345584	7.39970175101023e-05	9.06532614970192e-05
830	0.176844814315952	7.28184529536271e-05	8.83322108908996e-05
840	0.175858668462575	7.29868193188378e-05	8.71656725033686e-05
850	0.168474600731191	7.14354435251109e-05	8.12127188762756e-05
860	0.16896767365788	7.03290359822978e-05	8.36540311718308e-05
870	0.180777371560516	7.70396382528384e-05	8.80556090051967e-05
880	0.174379449682509	7.54281316143927e-05	8.40749470848576e-05
890	0.169111987685203	7.06056378680009e-05	8.10804310178955e-05
900	0.173393303829132	7.4441985761016e-05	8.23191264190887e-05
910	0.169099961516259	7.43938810852416e-05	8.04069655570526e-05
920	0.171433038291322	7.27823744467963e-05	8.14412160862039e-05
930	0.169172118529921	7.24817202232056e-05	8.10924571868389e-05
940	0.169340484895132	7.14474696940542e-05	8.27520685010587e-05
950	0.164060996728882	7.08581874158169e-05	7.83625168366366e-05
960	0.168077737156052	7.34317875697517e-05	7.90720608043108e-05
970	0.167945449297672	7.27462959399655e-05	7.90480084664234e-05
980	0.164926880892823	6.75750432942083e-05	8.53256686549942e-05
990	0.156604771983837	6.53622282085822e-05	7.5824995189532e-05
1000	0.158925822589956	6.89340003848375e-05	7.66668270155857e-05
1010	0.15727823744468	6.51698095054841e-05	7.69795074081202e-05
1020	0.161078506830864	6.91624975947664e-05	7.70155859149511e-05
1030	0.15923850298249	6.80440638830094e-05	7.62579372715032e-05
1040	0.154584375601308	6.83807966134306e-05	7.18202809313068e-05
1050	0.158853665576294	6.92226284394843e-05	7.41172791995383e-05
1060	0.151253126803925	6.60477198383684e-05	7.19766211275734e-05
1070	0.152143063305753	6.75389647873774e-05	7.05695593611702e-05
1080	0.157061766403694	7.02328266307483e-05	7.35159707523571e-05
1090	0.163171060227054	7.49831633634793e-05	7.49350586877044e-05
1100	0.161956417163748	7.33355782182034e-05	7.32032903598232e-05
1110	0.157987781412353	7.11708678083511e-05	7.24576678853183e-05
1120	0.161006349817202	7.08221089089861e-05	7.55243409659417e-05
1130	0.160140465653262	7.39368866653835e-05	7.35761015970755e-05
1140	0.161715893784876	7.25659034058109e-05	7.51274773908024e-05
1150	0.153706465268424	6.7202232056956e-05	7.09183182605352e-05
1160	0.159887916105445	7.23374061958822e-05	7.25298248989803e-05
1170	0.16272609197614	7.09664229363094e-05	7.81340196267081e-05
1180	0.1571459495863	7.17240715797573e-05	7.13993650182796e-05
1190	0.156195882239754	6.79238021935732e-05	7.48027708293245e-05
1200	0.155943332691938	6.359438137387e-05	7.82542813161442e-05
1210	0.163014720030787	7.09062920915913e-05	7.50913988839714e-05
1220	0.157218106599962	6.69617086780837e-05	7.63060419472774e-05
1230	0.150567635174139	6.66971329613236e-05	6.97157013661728e-05
1240	0.151385414662305	6.75389647873774e-05	6.95593611699058e-05
1250	0.147043967673658	6.37868000769675e-05	6.85491629786414e-05
1260	0.14698383682894	6.70699441985761e-05	6.71541273811815e-05
1270	0.146611025591688	6.24278429863387e-05	7.04613238406774e-05
1280	0.151902539926881	6.9583413507793e-05	6.86934770059651e-05
1290	0.150711949201462	6.4821050606119e-05	7.23734847027129e-05
1300	0.14937704444872	7.00163555897633e-05	6.58192226284395e-05
1310	0.149461227631326	6.61920338656921e-05	6.69617086780836e-05
1320	0.148126322878584	6.59996151625939e-05	7.01245911102561e-05
1330	0.14685154897056	6.58673273042141e-05	6.75750432942084e-05
1340	0.153670386761593	6.90662882432174e-05	6.95112564941315e-05
1350	0.151758225899557	6.56749086011163e-05	7.19164902828556e-05
1360	0.15744660380989	6.93669424668079e-05	7.35761015970751e-05
1370	0.149918222051183	6.63604002309028e-05	6.87896863575141e-05
1380	0.150940446411391	6.61319030209735e-05	7.15677313834905e-05
1390	0.147019915335771	6.34260150086592e-05	7.17721762555316e-05
1400	0.144157687127189	6.40273234558403e-05	6.74427554358285e-05
1410	0.146406580719646	6.42077159899943e-05	6.9294785453146e-05
1420	0.14920867808351	6.66490282855499e-05	6.82966134308255e-05
1430	0.145600827400423	6.55907254185108e-05	6.80921685587843e-05
1440	0.145648932076198	6.31614392918995e-05	6.83447181066002e-05
1450	0.142281604771984	6.22715027900714e-05	6.7803540504137e-05
1460	0.147055993842602	6.5939484317876e-05	6.83567442755436e-05
1470	0.146166057340774	6.50615739849917e-05	6.66490282855495e-05
1480	0.147392726573023	6.69977871849148e-05	6.73104675774487e-05
1490	0.147597171445064	6.6408504906677e-05	6.75990956320955e-05
1500	0.144326053492399	6.58071964594961e-05	6.5205888012315e-05
1510	0.145492591879931	6.39431402732348e-05	6.82364825861075e-05
1520	0.150315085626323	6.54824898980181e-05	7.19164902828556e-05
1530	0.14406147777564	6.57109871079473e-05	6.56268039253418e-05
1540	0.144410236675005	6.52780450259768e-05	6.55786992495671e-05
1550	0.141018857032904	6.26803925341547e-05	6.54824898980182e-05
1560	0.142053107562055	6.17303251876085e-05	6.61439291899172e-05
1570	0.144650760053877	6.73465460842795e-05	6.26563401962673e-05
1580	0.1454565133731	6.58673273042141e-05	6.69617086780835e-05
1590	0.142774677698672	6.61198768520302e-05	6.43279776794306e-05
1600	0.138830094285165	6.1718299018665e-05	6.34981720223209e-05
1610	0.144771021743313	6.45444487204158e-05	6.76592264768139e-05
1620	0.13987637098326	6.10568597267658e-05	6.68654993265349e-05
1630	0.144314027323456	6.66490282855495e-05	6.49172599576682e-05
1640	0.14127140658072	6.62521647104099e-05	6.12853569366946e-05
1650	0.141596113142197	6.5807196459496e-05	6.33177794881664e-05
1660	0.141223301904945	6.29329420819702e-05	6.59154319799885e-05
1670	0.137098325957283	6.03232634212048e-05	6.35222243602081e-05
1680	0.13808447181066	6.35823552049261e-05	6.33057533192229e-05
1690	0.139768135462767	6.3522224360208e-05	6.31854916297866e-05
1700	0.146478737733308	6.75750432942082e-05	6.68414469886475e-05
1710	0.150699923032519	6.91504714258225e-05	6.72383105637867e-05
1720	0.157470656147778	6.80200115451223e-05	6.99923032518762e-05
1730	0.150952472580335	7.06176640369443e-05	6.58192226284394e-05
1740	0.143375986145853	6.2187319607466e-05	6.94270733115262e-05
1750	0.139022512988262	6.37747739080241e-05	6.34380411776029e-05
1760	0.138529440061574	6.10688858957092e-05	6.46767365787955e-05
1770	0.144855204925919	6.73826245911105e-05	6.57350394458343e-05
1780	0.14283480854339	6.0984702713104e-05	6.73104675774486e-05
1790	0.139539638252838	6.16942466807776e-05	6.37868000769674e-05
1800	0.145252068501058	6.80921685587841e-05	6.44001346930921e-05
1810	0.140658071964595	6.14657494708488e-05	6.71781797190685e-05
1820	0.143255724456417	6.23075812969023e-05	6.66490282855494e-05
1830	0.136809697902636	6.0611891475852e-05	6.44722917067539e-05
1840	0.139515585914951	6.35703290359823e-05	6.33899365018282e-05
1850	0.144470367519723	6.56628824321725e-05	6.63724263998461e-05
1860	0.139034539157206	5.99263998460654e-05	6.59875889936505e-05
1870	0.139407350394458	5.9938426015009e-05	6.74547816047719e-05
1880	0.135643159515105	5.95415624398693e-05	6.43159515104869e-05
1890	0.139335193380797	6.17784298633831e-05	6.41355589763326e-05
1900	0.133730998653069	5.77256109293827e-05	6.12613045988074e-05
1910	0.141078987877622	6.59154319799888e-05	6.40994804695017e-05
1920	0.136749567057918	6.33538579949972e-05	6.21392149316916e-05
1930	0.136364729651722	6.01548970559942e-05	6.32576486434483e-05
1940	0.135883682893977	6.08524148547243e-05	6.29930729266884e-05
1950	0.135114008081586	6.01909755628249e-05	6.3017125264576e-05
1960	0.140417548585723	6.53622282085819e-05	6.22113719453535e-05
1970	0.135751395035597	6.27405233788728e-05	6.05397344621902e-05
1980	0.133959495862998	6.05156821243027e-05	6.20189532422555e-05
1990	0.14017702520685	6.93669424668079e-05	5.93972484125459e-05
2000	0.134236097748701	6.08524148547242e-05	6.16581681739467e-05
2010	0.133875312680393	6.40754281316147e-05	5.85073119107182e-05
2020	0.140116894362132	6.40513757937272e-05	6.36304598807007e-05
2030	0.143388012314797	6.47849720992882e-05	6.4917259957668e-05
2040	0.137086299788339	6.18385607081008e-05	6.39190879353475e-05
2050	0.135643159515105	6.14416971329615e-05	6.10809120646529e-05
2060	0.136172310948624	6.17423513565521e-05	6.27886280546472e-05
2070	0.136701462382144	6.46887627477394e-05	6.09245718683859e-05
2080	0.135955839907639	6.11169905714837e-05	6.15258803155671e-05
2090	0.132684721954974	5.64388108524153e-05	6.46767365787956e-05
2100	0.140285260727343	6.52299403502023e-05	6.28006542235907e-05
2110	0.146274292861266	6.87656340196267e-05	6.55065422359054e-05
2120	0.14728449105253	6.61078506830865e-05	6.63243217240718e-05
2130	0.137831922262844	6.43400038483743e-05	6.04916297864158e-05
2140	0.144169713296132	6.28006542235907e-05	6.83928227823747e-05
2150	0.141103040215509	6.53862805464689e-05	6.42197421589383e-05
2160	0.145444487204156	6.56388300942856e-05	6.68294208197039e-05
2170	0.137398980180874	6.4881181450837e-05	6.05637868000773e-05
2180	0.1337670771599	6.02751587454304e-05	6.24398691552824e-05
2190	0.141548008466423	6.4219742158938e-05	6.64926880892827e-05
2200	0.147837694823937	6.57470656147779e-05	6.72022320569563e-05
2210	0.139996632672696	6.4183663652107e-05	6.34260150086592e-05
2220	0.144674812391764	6.59034058110452e-05	6.61920338656919e-05
2230	0.142918991725996	6.36545122185881e-05	6.56628824321724e-05
2240	0.143207619780643	6.11530690783145e-05	6.66851067923805e-05
2250	0.139323167211853	6.38830094285166e-05	6.24879738310567e-05
2260	0.140706176640369	6.15980373292285e-05	6.75750432942084e-05
2270	0.136208389455455	6.29810467577448e-05	6.09245718683857e-05
2280	0.132576486434481	5.91807773715607e-05	6.12613045988072e-05
2290	0.137110352126227	6.08764671926114e-05	6.36905907254187e-05
2300	0.138577544737348	6.31133346161248e-05	6.17664036944395e-05
2310	0.141223301904945	6.31013084471814e-05	6.60477198383686e-05
2320	0.139130748508755	6.2030979411199e-05	6.58071964594958e-05
2330	0.136376755820666	6.14056186261306e-05	6.31614392918995e-05
2340	0.140321339234174	6.47007889166827e-05	6.41235328073892e-05
2350	0.132540407927651	5.90484895131811e-05	6.05637868000772e-05
2360	0.134632961323841	6.13214354435252e-05	6.14898018087361e-05
2370	0.133274004233211	5.97580334808547e-05	6.11049644025402e-05
2380	0.137759765249182	6.28728112372524e-05	6.15138541466233e-05
2390	0.141175197229171	5.93130652299405e-05	6.81522994035019e-05
2400	0.137290744660381	6.10448335578219e-05	6.35101981912644e-05
2410	0.141223301904945	6.77554358283628e-05	6.13695401192997e-05
2420	0.135354531460458	6.08403886857808e-05	6.16341158360596e-05
2430	0.131313738695401	5.87718876274778e-05	6.21271887627482e-05
2440	0.136352703482779	6.10929382335967e-05	6.22835289590152e-05
2450	0.14100683086396	6.27886280546471e-05	6.54223590533003e-05
2460	0.135835578218203	5.98662690013472e-05	6.33779103328846e-05
2470	0.131025110640754	6.04314989416975e-05	5.85914950933234e-05
2480	0.135402636136232	6.01308447181067e-05	6.1622089667116e-05
2490	0.136845776409467	6.05637868000771e-05	6.37627477390804e-05
2500	0.134849432364826	5.99263998460655e-05	6.26082355204929e-05
2510	0.13934721954974	6.19347700596502e-05	6.34981720223206e-05
2520	0.138204733500096	6.11530690783148e-05	6.29209159130269e-05
2530	0.13027948816625	5.99865306907834e-05	5.87839137964211e-05
2540	0.12958197036752	6.28728112372525e-05	5.56691360400235e-05
2550	0.128728112372523	5.68958052722728e-05	5.95054839330385e-05
2560	0.135053877236867	6.07802578410622e-05	6.22354242832408e-05
2570	0.132167596690398	5.83750240523381e-05	6.35462766980951e-05
2580	0.13210746584568	5.81826053492402e-05	5.98301904945164e-05
2590	0.137675582066577	6.22354242832406e-05	6.35342505291518e-05
2600	0.135739368866654	6.31013084471812e-05	6.05517606311335e-05
2610	0.136665383875313	6.44121608620362e-05	6.08403886857803e-05
2620	0.132624591110256	6.02030017317685e-05	6.01308447181069e-05
2630	0.131999230325188	6.05878391379643e-05	5.94453530883204e-05
2640	0.135835578218203	6.03593419280356e-05	6.41475851452763e-05
2650	0.130784587261882	5.96618241293055e-05	5.85193380796617e-05
2660	0.129654127381181	5.76414277467772e-05	5.96979026361366e-05
2670	0.133694920146238	5.74610352126229e-05	6.48330767750627e-05
2680	0.140128920531076	6.4219742158938e-05	6.30050990956324e-05
2690	0.133935443525111	5.88680969790268e-05	6.28006542235908e-05
2700	0.139515585914951	6.3365884163941e-05	6.38349047527423e-05
2710	0.130664325572446	6.16100634981723e-05	5.76895324225516e-05
2720	0.137423032518761	6.09245718683858e-05	6.42918991725998e-05
2730	0.135510871656725	6.21512411006353e-05	6.15379064845107e-05
2740	0.136003944583413	6.29209159130271e-05	5.96858764671928e-05
2750	0.134488647296517	5.97099288050801e-05	6.23196074658459e-05
2760	0.135126034250529	6.11530690783146e-05	6.24879738310565e-05
2770	0.139311141042909	6.25721570136618e-05	6.42918991725995e-05
2780	0.128475562824707	5.78699249567063e-05	5.81465268424093e-05
2790	0.132347989224553	6.25962093515493e-05	5.79420819703678e-05
2800	0.13041177602463	6.01067923802197e-05	5.76173754088899e-05
2810	0.131205503174909	5.8411102559169e-05	6.01067923802199e-05
2820	0.128944583413508	5.95656147777566e-05	5.76053492399463e-05
2830	0.131169424668078	6.18866653838755e-05	5.77496632672697e-05
2840	0.128824321724072	5.84712334038871e-05	5.8567442755436e-05
2850	0.133009428516452	5.86877044448722e-05	6.11169905714837e-05
2860	0.135210217433134	6.05878391379646e-05	6.26202616894364e-05
2870	0.134873484702713	5.9397248412546e-05	6.25962093515492e-05
2880	0.135222243602078	5.84952857417744e-05	6.34019626707718e-05
2890	0.126912160862036	5.71964594958632e-05	5.83750240523382e-05
2900	0.129654127381181	5.83870502212818e-05	5.97460073119109e-05
2910	0.136088127766019	6.19588223975375e-05	6.21993457764097e-05
2920	0.137892053107562	6.24879738310565e-05	6.28006542235907e-05
2930	0.130507985376179	5.98542428324036e-05	6.01188185491633e-05
2940	0.135126034250529	6.09967288820476e-05	6.05637868000771e-05
2950	0.132696748123918	5.98061381566293e-05	6.15138541466232e-05
2960	0.127116605734077	5.71122763132581e-05	5.91206465268427e-05
2970	0.131590340581104	5.95175101019823e-05	6.0696074658457e-05
2980	0.132684721954974	6.34019626707717e-05	5.78458726188189e-05
2990	0.135931787569752	6.43760823552052e-05	5.9301039060997e-05
3000	0.137398980180874	6.26924187030982e-05	6.26803925341546e-05
3010	0.134620935154897	6.24518953242259e-05	6.07441793342316e-05
3020	0.142341735616702	6.28607850683088e-05	6.59755628247065e-05
3030	0.132528381758707	6.04074466038101e-05	5.98301904945164e-05
3040	0.136701462382144	6.22715027900715e-05	6.09486242062732e-05
3050	0.134103809890321	6.02871849143741e-05	6.10448335578219e-05
3060	0.133033480854339	6.21392149316916e-05	5.91206465268428e-05
3070	0.129269289974986	5.8976332499519e-05	5.90484895131808e-05
3080	0.127429286126612	5.85073119107178e-05	5.70401192995962e-05
3090	0.13420001924187	5.89402539926885e-05	6.19708485664811e-05
3100	0.134476621127574	6.08524148547242e-05	6.20069270733117e-05
3110	0.130399749855686	6.0419472772754e-05	5.98181643255726e-05
3120	0.124939869155282	5.83870502212817e-05	5.59818164325576e-05
3130	0.131373869540119	6.05036559553593e-05	5.98422166634598e-05
3140	0.131013084471811	6.04314989416973e-05	5.88921493169141e-05
3150	0.135751395035597	6.48691552818937e-05	5.88801231479701e-05
3160	0.139299114873966	6.31614392918995e-05	6.15018279776796e-05
3170	0.134055705214547	6.02631325764868e-05	6.12372522609203e-05
3180	0.134296228593419	6.01428708870505e-05	6.13214354435254e-05
3190	0.128908504906677	5.88801231479704e-05	5.87718876274775e-05
3200	0.136857802578411	6.05998653069083e-05	6.29088897440833e-05
3210	0.139756109293823	6.31614392918995e-05	6.47248412545703e-05
3220	0.139503559746007	6.02270540696559e-05	6.62882432172412e-05
3230	0.134885510871657	6.09125456994422e-05	6.13094092745817e-05
3240	0.13682172407158	6.24398691552821e-05	6.04074466038107e-05
3250	0.134801327689051	6.15138541466236e-05	6.14537233019054e-05
3260	0.137314796998268	5.7713584760439e-05	6.6829420819704e-05
3270	0.132925245333846	5.8699730613816e-05	6.23556859726768e-05
3280	0.133213873388493	6.03954204348665e-05	6.10328073888785e-05
3290	0.132444198576102	5.99745045218401e-05	6.0852414854724e-05
3300	0.130471906869348	5.79420819703679e-05	5.95054839330385e-05
3310	0.130544063883009	6.13575139503563e-05	5.80142389840298e-05
3320	0.133310082740042	6.15379064845106e-05	5.96377717914185e-05
3330	0.129918703097941	5.63305753319225e-05	6.08043101789498e-05
3340	0.133249951895324	6.04796036174718e-05	6.10207812199349e-05
3350	0.12918510679238	5.68837791033291e-05	5.98782951702911e-05
3360	0.129221185299211	5.9024437175294e-05	5.85554165864925e-05
3370	0.133755050990956	6.13094092745819e-05	5.9962478352896e-05
3380	0.137675582066577	6.41355589763326e-05	6.11290167404274e-05
3390	0.135438714643063	6.33658841639409e-05	6.09125456994422e-05
3400	0.133358187415817	6.21873196074658e-05	5.705214546854e-05
3410	0.133923417356167	5.82307100250147e-05	6.33057533192229e-05
3420	0.129461708678084	5.92890128920533e-05	5.80022128150858e-05
3430	0.136533096016933	6.35823552049259e-05	6.00466615355018e-05
3440	0.1337670771599	5.90845680200118e-05	6.20550317490861e-05
3450	0.135378583798345	6.09005195304988e-05	6.27645757167598e-05
3460	0.130604194727728	5.8988358668463e-05	6.06359438137391e-05
3470	0.128403405811045	5.84952857417745e-05	5.90244371752935e-05
3480	0.128547719838368	5.49836444102371e-05	6.06239176447954e-05
3490	0.133718972484125	6.0635943813739e-05	6.09606503752168e-05
3500	0.129774389070618	5.66312295555133e-05	6.10448335578222e-05
3510	0.135811525880316	6.12011737540891e-05	6.31494131229558e-05
3520	0.135703290359823	5.97700596497983e-05	6.37988262459111e-05
3530	0.127296998268232	5.60058687704449e-05	5.86155474312107e-05
3540	0.131951125649413	5.95896671156441e-05	6.18505868770447e-05
3550	0.127898306715413	5.83870502212819e-05	5.74490090436794e-05
3560	0.13306955936117	5.55729266884746e-05	6.53020973638641e-05
3570	0.12609438137387	5.84592072349437e-05	5.62103136424862e-05
3580	0.129642101212238	5.90364633442373e-05	5.93250913988843e-05
3590	0.126310852414855	5.85073119107183e-05	5.76654800846646e-05
3600	0.134945641716375	6.18626130459885e-05	6.03833942659229e-05
3610	0.132528381758707	5.75692707331155e-05	6.20189532422555e-05
3620	0.127850202039638	5.86877044448722e-05	5.93731960746587e-05
3630	0.125889936501828	5.77737156051572e-05	5.62223398114302e-05
3640	0.129064845102944	5.81585530113529e-05	6.0419472772754e-05
3650	0.125192418703098	5.71483548200888e-05	5.63786800076971e-05
3660	0.134019626707716	6.37747739080239e-05	5.90484895131811e-05
3670	0.129822493746392	5.81465268424093e-05	5.94814315951514e-05
3680	0.134308254762363	6.23677121416202e-05	6.06960746584573e-05
3690	0.129569944198576	5.70521454685401e-05	6.12853569366945e-05
3700	0.12848758899365	5.74490090436795e-05	5.82547623629019e-05
3710	0.131385895709063	5.98903213392344e-05	5.85313642486052e-05
3720	0.130315566673081	5.96016932845876e-05	5.85193380796618e-05
3730	0.130026938618434	5.70761978064272e-05	6.05998653069082e-05
3740	0.13001491244949	6.17784298633829e-05	5.73046950163558e-05
3750	0.131121319992303	6.03833942659229e-05	5.99745045218399e-05
3760	0.132552434096594	6.12372522609199e-05	5.76173754088902e-05
3770	0.125360785068309	5.48273042139699e-05	5.80142389840296e-05
3780	0.132155570521455	5.86756782759286e-05	6.18866653838757e-05
3790	0.132179622859342	6.13695401192997e-05	5.9649797960362e-05
3800	0.12639503559746	5.69559361169909e-05	5.73287473542433e-05
3810	0.130195304983644	5.99865306907834e-05	5.76294015778338e-05
3820	0.126058302867039	5.68597267654419e-05	5.70401192995963e-05
3830	0.125589282278237	5.62223398114301e-05	5.77135847604392e-05
3840	0.1297142582259	5.96738502982493e-05	5.92890128920532e-05
3850	0.125781700981335	5.49595920723499e-05	5.86275736001541e-05
3860	0.135150086588416	6.27284972099289e-05	6.1586011160285e-05
3870	0.124939869155282	5.53203771406587e-05	5.81585530113531e-05
3880	0.125841831826053	5.60539734462192e-05	5.83750240523382e-05
3890	0.128968635751395	5.86516259380413e-05	5.74009043679049e-05
3900	0.127994516066962	5.67635174138928e-05	5.82908408697329e-05
3910	0.128523667500481	5.57052145468545e-05	6.13935924571872e-05
3920	0.128283144121609	5.65350202039642e-05	5.86395997690979e-05
3930	0.125649413122956	5.4767173369252e-05	6.00466615355017e-05
3940	0.127465364633442	5.88440446411397e-05	5.66552818934003e-05
3950	0.126647585145276	5.69920146238219e-05	5.7244564171638e-05
3960	0.12779007119492	5.65831248797389e-05	5.95656147777566e-05
3970	0.128980661920339	5.76895324225519e-05	5.94092745814896e-05
3980	0.125769674812392	5.46228593419284e-05	6.12613045988071e-05
3990	0.12696026553781	5.89883586684628e-05	5.67755435828365e-05
4000	0.124530979411199	5.93852222436022e-05	5.53444294785457e-05
4010	0.131361843371176	6.0443525110641e-05	5.88440446411394e-05
4020	0.12430248220127	5.64508370213587e-05	5.71844333269198e-05
4030	0.119997113719454	5.33240330960174e-05	5.66071772176259e-05
4040	0.122438426015009	5.79180296324807e-05	5.35044256301716e-05
4050	0.127296998268232	5.86275736001545e-05	5.81465268424091e-05
4060	0.130989032133923	5.9240908216279e-05	5.87478352895904e-05
4070	0.126286800076967	5.62944968250918e-05	5.70160669617093e-05
4080	0.132035308832018	5.87117567827596e-05	6.21512411006353e-05
4090	0.128247065614778	5.83750240523386e-05	5.83990763902253e-05
4100	0.124699345776409	5.86516259380417e-05	5.50798537617859e-05
4110	0.128944583413508	5.86877044448723e-05	5.80623436598039e-05
4120	0.126719742158938	5.70761978064273e-05	5.82186838560712e-05
4130	0.128379353473158	5.64267846834715e-05	5.90605156821247e-05
4140	0.12709255339619	5.71363286511452e-05	5.83269193765637e-05
4150	0.128860400230902	5.74369828747359e-05	6.05758129690208e-05
4160	0.12944968250914	6.03954204348666e-05	5.78338464498753e-05
4170	0.127080527227246	5.92168558783916e-05	5.69559361169909e-05
4180	0.125709543967674	5.90965941889556e-05	5.42380219357324e-05
4190	0.129654127381181	5.75933230710028e-05	5.96858764671929e-05
4200	0.127705888012315	5.74369828747358e-05	5.79180296324806e-05
4210	0.127272945930344	5.73046950163561e-05	5.86395997690979e-05
4220	0.130315566673081	5.9397248412546e-05	5.80503174908605e-05
4230	0.130507985376179	5.7364825861074e-05	6.123725226092e-05
4240	0.125637386954012	5.73287473542433e-05	5.86516259380415e-05
4250	0.123460650375216	5.86155474312108e-05	5.36487396574951e-05
4260	0.124987973831056	5.74971137194538e-05	5.56571098710798e-05
4270	0.127429286126612	5.81104483355786e-05	5.94213007504334e-05
4280	0.124699345776409	5.72806426784688e-05	5.52121416201659e-05
4290	0.131133346161247	5.93731960746588e-05	5.9084568020012e-05
4300	0.13127766018857	6.0010583028671e-05	5.95776409467003e-05
4310	0.124049932653454	5.4767173369252e-05	5.84592072349438e-05
4320	0.125781700981335	5.87478352895904e-05	5.55007696748128e-05
4330	0.126202616894362	5.64508370213589e-05	5.66673080623442e-05
4340	0.125901962670772	5.80022128150857e-05	5.635462766981e-05
4350	0.123003655955359	5.37449490090441e-05	5.77977679430445e-05
4360	0.125012026168944	5.74730613815665e-05	5.58254762362905e-05
4370	0.133791129497787	6.05156821243028e-05	6.09365980373295e-05
4380	0.128415431979988	5.73167211852995e-05	5.98662690013473e-05
4390	0.123268231672119	5.64267846834714e-05	5.65350202039641e-05
4400	0.12626274773908	5.68477005964983e-05	5.76895324225519e-05
4410	0.12098325957283	5.42019434289016e-05	5.51640369443917e-05
4420	0.132059361169906	5.93852222436025e-05	5.88320184721957e-05
4430	0.134392437944968	6.23075812969024e-05	5.96738502982494e-05
4440	0.128655955358861	5.77376370983264e-05	5.88199923032522e-05
4450	0.128439484317876	5.68356744275548e-05	5.98181643255727e-05
4460	0.128343274966327	5.8663652106985e-05	5.78338464498752e-05
4470	0.123929670964018	5.93731960746588e-05	5.41297864152399e-05
4480	0.126840003848374	5.81104483355786e-05	5.60058687704447e-05
4490	0.131121319992303	5.97099288050802e-05	6.04074466038102e-05
4500	0.121187704444872	5.39493938810857e-05	5.47431210313646e-05
4510	0.125781700981335	5.84952857417745e-05	5.5681162208967e-05
4520	0.128415431979988	5.74730613815665e-05	5.91807773715609e-05
4530	0.128331248797383	5.96016932845876e-05	5.66312295555132e-05
4540	0.129954781604772	5.69799884548781e-05	6.02150279007121e-05
4550	0.129774389070618	5.92288820473352e-05	5.84351548970563e-05
4560	0.128223013276891	5.65350202039644e-05	5.89763324995193e-05
4570	0.132973350009621	6.02992110833176e-05	6.17664036944396e-05
4580	0.131385895709063	6.27645757167598e-05	5.70761978064271e-05
4590	0.128776217048297	5.6474889359246e-05	5.97580334808545e-05
4600	0.130303540504137	6.06599961516263e-05	5.76414277467774e-05
4610	0.130856744275544	5.91687512026171e-05	6.1549932653454e-05
4620	0.126755820665769	5.83269193765638e-05	5.72806426784686e-05
4630	0.133021454685395	5.71964594958634e-05	6.27164710409856e-05
4640	0.127609678660766	5.85193380796617e-05	5.72445641716376e-05
4650	0.127621704829709	5.66793342312877e-05	5.83990763902255e-05
4660	0.129401577833365	6.09486242062732e-05	5.6005868770445e-05
4670	0.127068501058303	5.8411102559169e-05	5.69920146238219e-05
4680	0.127152684240908	5.88680969790267e-05	5.67875697517801e-05
4690	0.131049162978642	5.98903213392346e-05	5.90845680200118e-05
4700	0.122366269001347	5.62584183182608e-05	5.50558014238988e-05
4710	0.130459880700404	5.76534539157209e-05	6.15379064845104e-05
4720	0.12460313642486	5.50558014238988e-05	5.81345006734661e-05
4730	0.127020396382528	5.78097941119881e-05	5.84712334038872e-05
4740	0.128824321724072	5.94694054262077e-05	5.77256109293826e-05
4750	0.130868770444487	5.98662690013473e-05	5.71844333269198e-05
4760	0.132444198576102	5.98782951702909e-05	5.98662690013474e-05
4770	0.132480277082932	6.01428708870505e-05	6.2127188762748e-05
4780	0.133815181835674	6.10207812199348e-05	6.05397344621902e-05
4790	0.126455166442178	5.47551472003083e-05	5.88680969790267e-05
4800	0.129377525495478	6.12131999230329e-05	5.76294015778337e-05
4810	0.127272945930344	5.86516259380415e-05	5.81465268424094e-05
4820	0.124579084086973	5.57533192226289e-05	5.93250913988843e-05
4830	0.125036078506831	5.6186261304599e-05	5.67274389070623e-05
4840	0.128295170290552	6.08884933615551e-05	5.60780257841064e-05
4850	0.132299884548778	5.67514912449493e-05	6.30772561092941e-05
4860	0.132588512603425	5.90965941889554e-05	6.263228785838e-05
4870	0.122113719453531	5.2951221858765e-05	5.62584183182609e-05
4880	0.126623532807389	5.93130652299407e-05	5.69198576101601e-05
4890	0.127934385222244	5.85914950933233e-05	5.81465268424093e-05
4900	0.130483933038291	5.81705791802966e-05	6.11410429093708e-05
4910	0.141018857032904	6.64325572445641e-05	6.22594766211278e-05
4920	0.12944968250914	5.88440446411395e-05	6.0094766211276e-05
4930	0.124001827977679	5.57052145468544e-05	5.58014238984033e-05
4940	0.129329420819704	5.78338464498751e-05	5.82908408697329e-05
4950	0.125613334616125	5.85193380796616e-05	5.53564556474893e-05
4960	0.129076871271888	6.13575139503562e-05	5.62463921493173e-05
4970	0.126647585145276	5.85073119107179e-05	5.56210313642491e-05
4980	0.122727054069656	5.47671733692519e-05	5.7016066961709e-05
4990	0.124218299018665	5.65229940350206e-05	5.59818164325578e-05
5000	0.121993457764095	5.42741004425635e-05	5.55007696748127e-05
